%YAML:1.0
calibration_time: "Сб. 17 марта 2012 14:45:11"
image_width: 640
image_height: 480
board_width: 8
board_height: 6
square_size: 2.5000000372529030e-02
flags: 0
camera_matrix: !!opencv-matrix
   rows: 3
   cols: 3
   dt: d
   data: [ 7.1326696545183893e+02, 0., 3.2160306609569022e+02, 0.,
       7.2839669686828017e+02, 2.4875742942003112e+02, 0., 0., 1. ]
distortion_coefficients: !!opencv-matrix
   rows: 5
   cols: 1
   dt: d
   data: [ -3.7253030085118211e-02, 8.5478398396245792e-01,
       -3.0372530160571892e-03, 1.8076992440607203e-03,
       -4.6918191420393285e+00 ]
avg_reprojection_error: 3.0384829006917558e-01
image_points: !!opencv-matrix
   rows: 10
   cols: 48
   dt: "2f"
   data: [ 4.08758301e+02, 1.31445053e+02, 4.11970032e+02,
       1.52632202e+02, 4.15455902e+02, 1.74688507e+02, 4.19123810e+02,
       1.98330765e+02, 4.22967682e+02, 2.23486710e+02, 4.27242279e+02,
       2.50843414e+02, 4.31624481e+02, 2.80370300e+02, 4.36598358e+02,
       3.11590881e+02, 3.76627655e+02, 1.31800812e+02, 3.78755035e+02,
       1.53117081e+02, 3.81151855e+02, 1.75333038e+02, 3.83564117e+02,
       1.98661362e+02, 3.86407837e+02, 2.24141251e+02, 3.89237122e+02,
       2.51533356e+02, 3.92144470e+02, 2.80792816e+02, 3.95361572e+02,
       3.11878571e+02, 3.44421204e+02, 1.32613205e+02, 3.45381226e+02,
       1.53593536e+02, 3.46584137e+02, 1.75569519e+02, 3.47931183e+02,
       1.99238876e+02, 3.49369598e+02, 2.24426865e+02, 3.50864685e+02,
       2.51932556e+02, 3.52372650e+02, 2.81432434e+02, 3.54039124e+02,
       3.12665344e+02, 3.12383453e+02, 1.33336899e+02, 3.12484222e+02,
       1.54028687e+02, 3.12502747e+02, 1.76304062e+02, 3.12585022e+02,
       1.99488434e+02, 3.12596100e+02, 2.24970688e+02, 3.12642029e+02,
       2.52457382e+02, 3.12886566e+02, 2.81719666e+02, 3.13003937e+02,
       3.13413422e+02, 2.80024017e+02, 1.33606934e+02, 2.79201874e+02,
       1.54570511e+02, 2.78053711e+02, 1.76583908e+02, 2.76987366e+02,
       2.00466095e+02, 2.75792206e+02, 2.25806458e+02, 2.74470032e+02,
       2.53072266e+02, 2.73074554e+02, 2.82425720e+02, 2.71512115e+02,
       3.13808472e+02, 2.47666763e+02, 1.34400192e+02, 2.45920700e+02,
       1.55003204e+02, 2.43634109e+02, 1.77012802e+02, 2.41463425e+02,
       2.00473419e+02, 2.39005600e+02, 2.25746155e+02, 2.36323746e+02,
       2.53506821e+02, 2.33526779e+02, 2.82770477e+02, 2.30417465e+02,
       3.14577728e+02, 4.18638672e+02, 7.95626450e+01, 4.21533783e+02,
       1.04059860e+02, 4.24431946e+02, 1.29398071e+02, 4.27568024e+02,
       1.56074600e+02, 4.30870911e+02, 1.84462021e+02, 4.34436646e+02,
       2.15331589e+02, 4.38239197e+02, 2.47678528e+02, 4.42219788e+02,
       2.82529938e+02, 3.85030457e+02, 7.96621780e+01, 3.86661896e+02,
       1.04106918e+02, 3.88630859e+02, 1.29430466e+02, 3.90615845e+02,
       1.56111893e+02, 3.92792511e+02, 1.84646057e+02, 3.95103577e+02,
       2.15534378e+02, 3.97467987e+02, 2.47880493e+02, 4.00329041e+02,
       2.82443787e+02, 3.50896667e+02, 8.01116257e+01, 3.51672241e+02,
       1.04470299e+02, 3.52549988e+02, 1.29406540e+02, 3.53530121e+02,
       1.56208176e+02, 3.54505829e+02, 1.84559570e+02, 3.55496033e+02,
       2.15484390e+02, 3.56601654e+02, 2.48027664e+02, 3.57723358e+02,
       2.82608582e+02, 3.17286591e+02, 8.03922272e+01, 3.17145081e+02,
       1.04286407e+02, 3.17033478e+02, 1.29575500e+02, 3.16707184e+02,
       1.56063385e+02, 3.16527557e+02, 1.84704437e+02, 3.16410187e+02,
       2.15459396e+02, 3.16213287e+02, 2.48024506e+02, 3.15678345e+02,
       2.82704254e+02, 2.83298676e+02, 8.04459076e+01, 2.82397003e+02,
       1.04506828e+02, 2.80998444e+02, 1.29558350e+02, 2.79615936e+02,
       1.56589462e+02, 2.78429443e+02, 1.85321899e+02, 2.76813904e+02,
       2.15607788e+02, 2.75183685e+02, 2.48049469e+02, 2.73556305e+02,
       2.82667389e+02, 2.49462479e+02, 8.05595856e+01, 2.47393341e+02,
       1.04434479e+02, 2.45254517e+02, 1.29551346e+02, 2.42666397e+02,
       1.56312103e+02, 2.40306183e+02, 1.84576920e+02, 2.37480240e+02,
       2.15498337e+02, 2.34545242e+02, 2.48257980e+02, 2.31427246e+02,
       2.82903900e+02, 1.48214905e+02, 3.58743744e+02, 1.55717606e+02,
       3.10068939e+02, 1.62605743e+02, 2.65584412e+02, 1.68773712e+02,
       2.24573120e+02, 1.74634293e+02, 1.87484573e+02, 1.79951080e+02,
       1.53574341e+02, 1.84904663e+02, 1.22332870e+02, 1.89435867e+02,
       9.30289841e+01, 2.05531326e+02, 3.59574677e+02, 2.10483612e+02,
       3.10964233e+02, 2.14671661e+02, 2.66941620e+02, 2.18849991e+02,
       2.26562302e+02, 2.22544815e+02, 1.89562546e+02, 2.25766174e+02,
       1.55195099e+02, 2.29095230e+02, 1.23872726e+02, 2.31842072e+02,
       9.44167862e+01, 2.62606537e+02, 3.60491943e+02, 2.64727509e+02,
       3.12295929e+02, 2.66676300e+02, 2.68027863e+02, 2.68550751e+02,
       2.27505432e+02, 2.70249268e+02, 1.90388458e+02, 2.71566010e+02,
       1.56606918e+02, 2.73030609e+02, 1.24970032e+02, 2.74435211e+02,
       9.60075150e+01, 3.18776398e+02, 3.61304260e+02, 3.18371552e+02,
       3.13389526e+02, 3.17800354e+02, 2.69270538e+02, 3.17478699e+02,
       2.28567245e+02, 3.17210266e+02, 1.91718262e+02, 3.16641815e+02,
       1.57791504e+02, 3.16427246e+02, 1.26676132e+02, 3.16252106e+02,
       9.72286530e+01, 3.75255096e+02, 3.61928345e+02, 3.71735992e+02,
       3.14449158e+02, 3.69111206e+02, 2.70415466e+02, 3.66527863e+02,
       2.29995285e+02, 3.64297089e+02, 1.92990463e+02, 3.61861115e+02,
       1.59283829e+02, 3.59772400e+02, 1.27998215e+02, 3.58129913e+02,
       9.83430710e+01, 4.30782318e+02, 3.63238220e+02, 4.24834869e+02,
       3.15395172e+02, 4.19727081e+02, 2.71439087e+02, 4.15265869e+02,
       2.31031799e+02, 4.10714600e+02, 1.94385971e+02, 4.06573761e+02,
       1.60642044e+02, 4.03034027e+02, 1.29397537e+02, 3.99633148e+02,
       9.95507660e+01, 3.92514130e+02, 6.39623032e+01, 3.99107086e+02,
       9.91216354e+01, 4.06452911e+02, 1.36690201e+02, 4.14727448e+02,
       1.78064407e+02, 4.23830200e+02, 2.23782074e+02, 4.34128998e+02,
       2.75829010e+02, 4.45562592e+02, 3.33647461e+02, 4.59080963e+02,
       3.98815125e+02, 3.40832184e+02, 6.45170898e+01, 3.45264587e+02,
       9.96149826e+01, 3.49936188e+02, 1.37450073e+02, 3.55236267e+02,
       1.78995621e+02, 3.61055328e+02, 2.25556274e+02, 3.67458710e+02,
       2.77701630e+02, 3.75013367e+02, 3.36233978e+02, 3.83679779e+02,
       4.01435303e+02, 2.88537628e+02, 6.54270554e+01, 2.90390045e+02,
       1.00541359e+02, 2.92490997e+02, 1.38299118e+02, 2.94592438e+02,
       1.80230164e+02, 2.97209229e+02, 2.26786285e+02, 2.99979858e+02,
       2.79589203e+02, 3.03312897e+02, 3.38423767e+02, 3.06982788e+02,
       4.04600739e+02, 2.36424576e+02, 6.60695648e+01, 2.35562866e+02,
       1.00730469e+02, 2.34665024e+02, 1.39274841e+02, 2.34000443e+02,
       1.80976135e+02, 2.33079193e+02, 2.28360565e+02, 2.32057129e+02,
       2.81417114e+02, 2.31098602e+02, 3.40721313e+02, 2.29673828e+02,
       4.07710114e+02, 1.83041779e+02, 6.64997635e+01, 1.79741669e+02,
       1.01595795e+02, 1.76156479e+02, 1.39923981e+02, 1.72350983e+02,
       1.82767044e+02, 1.67785126e+02, 2.30472946e+02, 1.62734833e+02,
       2.83463959e+02, 1.57364182e+02, 3.42875549e+02, 1.51381073e+02,
       4.10548004e+02, 1.29635406e+02, 6.71447983e+01, 1.23702744e+02,
       1.02305923e+02, 1.17090218e+02, 1.40588608e+02, 1.09668121e+02,
       1.83169968e+02, 1.01638474e+02, 2.30979919e+02, 9.28612595e+01,
       2.85062347e+02, 8.33272552e+01, 3.45227173e+02, 7.28023987e+01,
       4.12810547e+02, 4.13642792e+02, 1.50430727e+01, 4.19461700e+02,
       5.20874367e+01, 4.25835571e+02, 9.23038330e+01, 4.33298401e+02,
       1.35677078e+02, 4.41280029e+02, 1.84040237e+02, 4.50180573e+02,
       2.38440277e+02, 4.59923462e+02, 2.98496094e+02, 4.71464020e+02,
       3.65787689e+02, 3.60243713e+02, 1.34643383e+01, 3.63506531e+02,
       5.06386070e+01, 3.67546051e+02, 9.06566925e+01, 3.71943054e+02,
       1.34545349e+02, 3.76783997e+02, 1.83507736e+02, 3.81915222e+02,
